17
26
32
47
53
55
74
80
84
96
124
179
189
194
199
200
226
255
288
294
319
320
321
323
331
339
414
448
482
505
515
528
557
559
564
644
663
665
683
690
694
761
767
773
776
778
782
806
807
815
832
848
896
910
914
922
929
930
938
944
951
952
956
962
984
995
1020
1044
1056
1085
1096
1107
1166
1224
1225
1227
1228
1243
1247
1249
1253
1260
1262
1267
1269
1273
1280
1284
1286
1287
1299
1300
1302
1336
1341
1403
1416
1435
1438
1440
1459
1503
1522
1529
1539
1541
1544
1548
1552
1566
1580
1592
1594
1600
1607
1618
1629
1694
1702
1707
1711
1742
1775
1798
1811
1836
1846
1859
1860
1862
1880
1883
1904
1960
1982
1989
2085
2116
2119
2123
2133
2146
2163
2171
2226
2235
2303
2310
2327
2436
2465
2490
2533
2578
2590
2602
2606
2611
2639
2663
2686
2712
2737
2738
2774
2808
2895
2934
2937
2949
2956
3029
3031
3039
3079
3145
3151
3187
3229
3304
3309
3430
3443
3480
3491
3499
3533
3648
3650
3662
3700
3758
3780
3790
3858
3976
4055
4111
4190
4191
4205
4246
4253
4274
4336
4411
4461
4486
4510
4582
4638
4675
4868
4892
4927
4970
4995
5016
5049
5205
5215
5271
5303
5346
5409
5481
5518
5674
5832
5885
5926
5942
5969
5972
6009
6328
6390
6422
6440
6480
6502
6579
6606
6645
6675
6802
6919
7001
7096
7187
7217
7352
7400
7419
7444
7590
7644
7855
7859
7935
8158
8160
8215
8283
8299
8321
8414
8519
8562
8594
8600
8610
8663
8703
8877
9007
9063
9066
9241
9292
9397
9459
9627
9648
9673
9737
9818
9913
10002
10009
10127
10228
10260
10319
10456
10500
10599
10765
11020
11079
11161
11230
11253
11288
11294
11320
11354
11455
11611
11637
11659
11982
11992
12102
12192
12818
13045
13242
13321
13392
