18
19
20
21
22
35
37
44
45
50
56
60
61
62
63
64
66
72
73
78
85
88
89
90
91
95
111
114
120
121
122
129
131
132
133
134
135
136
137
140
158
163
165
166
167
168
171
174
175
182
184
185
190
205
206
209
211
218
239
248
250
252
254
259
260
263
264
266
298
299
303
305
308
318
325
334
336
338
340
341
347
348
358
375
380
381
383
437
445
452
453
467
473
474
477
483
506
508
514
516
521
539
547
549
552
555
566
568
569
570
575
577
605
619
627
658
661
668
673
689
695
698
715
734
737
738
744
745
753
756
777
780
783
790
802
818
819
820
822
823
849
865
875
876
877
881
882
883
886
891
895
901
913
918
919
920
923
925
928
935
943
948
949
957
964
967
969
991
994
1001
1009
1015
1021
1026
1045
1046
1049
1051
1082
1094
1095
1114
1119
1122
1125
1137
1145
1147
1154
1183
1189
1190
1193
1199
1200
1211
1213
1216
1220
1226
1232
1234
1236
1244
1254
1263
1265
1274
1275
1276
1277
1279
1285
1291
1293
1294
1295
1305
1309
1311
1319
1324
1330
1334
1335
1337
1340
1342
1359
1360
1362
1372
1373
1384
1386
1390
1394
1400
1411
1415
1418
1419
1420
1421
1431
1437
1444
1445
1451
1452
1458
1460
1461
1463
1473
1477
1483
1490
1494
1496
1506
1509
1518
1519
1521
1527
1528
1534
1540
1555
1556
1570
1571
1588
1589
1598
1601
1611
1612
1615
1619
1621
1625
1627
1639
1646
1651
1652
1663
1664
1676
1677
1678
1680
1695
1696
1698
1708
1710
1713
1714
1720
1726
1732
1734
1740
1745
1746
1748
1751
1762
1765
1773
1774
1776
1777
1785
1787
1792
1809
1812
1814
1815
1816
1825
1829
1838
1845
1857
1868
1869
1871
1888
1889
1894
1906
1909
1913
1914
1927
1936
1938
1940
1943
1967
1974
1975
1993
2020
2023
2044
2057
2068
2071
2072
2077
2078
2079
2083
2093
2145
2162
2166
2194
2203
2207
2214
2249
2291
2299
2301
2322
2332
2372
2395
2404
2409
2411
2418
2420
2433
2434
2442
2447
2452
2454
2482
2493
2525
2526
2573
2580
2581
2594
2601
2603
2630
2631
2641
2651
2652
2654
2661
2665
2666
2684
2691
2694
2726
2757
2758
2782
2783
2789
2803
2851
2854
2856
2872
2876
2881
2904
2910
2916
2993
3048
3069
3075
3094
3109
3130
3158
3163
3186
3189
3191
3208
3238
3240
3276
3287
3294
3296
3339
3357
3400
3412
3424
3451
3452
3466
3476
3486
3501
3509
3510
3537
3545
3559
3563
3611
3614
3640
3649
3695
3725
3737
3753
3766
3796
3806
3809
3829
3838
3841
3845
3846
3852
3888
3902
3906
3930
3968
3972
3989
4020
4047
4054
4058
4102
4120
4136
4145
4149
4150
4153
4157
4158
4197
4242
4245
4248
4267
4268
4271
4301
4355
4356
4367
4395
4398
4464
4503
4514
4527
4528
4533
4546
4554
4621
4629
4631
4682
4700
4729
4741
4744
4748
4749
4765
4790
4812
4831
4848
4849
4876
4919
4944
4950
4965
4989
5031
5043
5055
5129
5134
5207
5254
5314
5356
5369
5378
5387
5410
5435
5560
5565
5571
5577
5579
5584
5592
5629
5636
5662
5666
5677
5695
5762
5772
5822
5844
5881
5890
5927
5976
6004
6030
6108
6115
6131
6225
6341
6343
6393
6446
6447
6473
6474
6522
6585
6622
6636
6655
6727
6730
6733
6747
6771
6809
6819
6861
6880
6904
6913
6922
6929
6939
6954
6962
6987
7003
7025
7055
7232
7270
7280
7285
7289
7293
7324
7329
7355
7399
7402
7403
7459
7467
7493
7521
7561
7593
7666
7708
7762
7780
7797
7799
7854
7860
7904
7931
7945
7955
7956
7960
8011
8031
8033
8053
8110
8210
8214
8252
8301
8324
8360
8469
8475
8481
8500
8515
8560
8583
8596
8607
8628
8629
8686
8720
8770
8808
8834
8863
8914
8936
9021
9027
9070
9120
9163
9219
9239
9277
9280
9339
9344
9347
9371
9378
9381
9388
9392
9398
9430
9445
9456
9468
9566
9597
9640
9645
9646
9705
9708
9756
9778
9791
9834
9882
9917
9926
9971
10069
10112
10247
10255
10279
10338
10341
10437
10512
10536
10596
10615
10617
10625
10649
10651
10675
10682
10749
10780
10795
10831
10867
10902
10919
10944
11012
11035
11046
11056
11074
11121
11150
11168
11206
11221
11229
11233
11254
11341
11342
11367
11374
11397
11411
11428
11429
11445
11465
11494
11543
11586
11587
11628
11735
11749
11763
11833
11875
11884
11911
12012
12034
12046
12106
12111
12159
12198
12227
12363
12390
12497
12544
12621
12654
12690
12750
12846
12872
13298
13378
13393
13609
