75
76
80
84
113
130
144
145
152
162
169
178
279
313
331
353
356
379
382
424
425
428
455
495
499
502
505
520
524
525
541
542
554
556
578
587
588
595
629
669
672
701
726
755
762
773
857
871
900
927
930
938
940
965
968
980
1003
1004
1008
1020
1037
1044
1056
1096
1112
1179
1223
1224
1225
1238
1239
1240
1249
1257
1260
1278
1280
1283
1299
1302
1322
1325
1339
1345
1376
1389
1412
1439
1453
1459
1478
1484
1485
1503
1523
1524
1546
1548
1552
1574
1590
1596
1599
1629
1633
1640
1642
1672
1685
1694
1709
1733
1750
1770
1775
1778
1781
1789
1790
1831
1836
1851
1880
1890
1891
1898
1903
1930
1939
1956
1958
1964
1989
2009
2012
2032
2045
2109
2132
2138
2150
2202
2211
2215
2216
2225
2226
2235
2248
2302
2308
2349
2355
2384
2444
2450
2487
2492
2517
2545
2576
2584
2602
2614
2615
2715
2723
2738
2769
2813
2817
2825
2832
2869
2883
2908
2949
2971
2979
3053
3085
3187
3194
3259
3275
3304
3320
3369
3382
3384
3386
3388
3568
3613
3662
3689
3719
3775
3782
3854
3898
3917
3962
3981
4100
4220
4234
4360
4460
4478
4486
4510
4582
4594
4675
4710
4714
4908
4928
4963
4987
5026
5070
5108
5161
5204
5205
5213
5267
5293
5295
5303
5372
5498
5533
5580
5583
5591
5602
5763
5825
5827
6052
6056
6063
6065
6098
6204
6213
6249
6251
6265
6335
6374
6394
6440
6523
6534
6573
6587
6588
6606
6663
6724
6736
6740
6741
6865
6872
6919
6927
7001
7012
7023
7079
7174
7187
7228
7229
7338
7352
7373
7416
7451
7460
7466
7508
7527
7571
7644
7682
7685
7712
7756
7861
7944
7962
8059
8099
8114
8116
8139
8160
8204
8295
8299
8332
8351
8430
8590
8636
8641
8651
8672
8822
8848
8860
8905
9005
9014
9038
9081
9130
9145
9254
9297
9348
9412
9587
9648
9679
9787
9825
9887
9890
9916
9955
10043
10146
10220
10273
10319
10430
10505
10531
10584
10593
10668
10691
10693
10706
10745
10746
10844
10846
11023
11027
11111
11120
11190
11230
11253
11337
11349
11350
11407
11460
11552
11637
11639
11743
11929
11982
12025
12026
12048
12224
12454
12683
12816
12868
12886
13083
13131
13185
13305
13495
13543
